%YAML:1.0

cam0:
  T_imu_cam: #rotation from camera to IMU R_CtoI, position of camera in IMU p_CinI
    - [0.98011179, 0.19763547, 0.01791940, 0.01678296927310889]
    - [0.06710763, -0.24510714, -0.96717064, -0.10892921838506506]
    - [-0.18675505, 0.94913788, -0.25349525, 0.07605583988186104]
    - [0.0, 0.0, 0.0, 1.0]
  cam_overlaps: [1]
  camera_model: pinhole
  # distortion_coeffs: [-0.28340811, 0.07395907, 0.00019359, 1.76187114e-05]
  distortion_coeffs: [0.0, 0.0, 0.0, 0.0]
  distortion_model: radtan
  intrinsics: [241.6048925567284, 241.6048925567284, 382.4294238671119, 286.5297672809754] #fu, fv, cu, cv
  resolution: [758, 572]
  rostopic: /cam0/image_raw
cam1:
  T_imu_cam: #rotation from camera to IMU R_CtoI, position of camera in IMU p_CinI
    - [0.98800011,  0.02566542, -0.15230583, -0.00211448]
    - [0.02485836, -0.99966505, -0.00720110, -0.00018129]
    - [-0.15243963,  0.00332861, -0.98830718, -0.00635525]
    - [0.0, 0.0, 0.0, 1.0]
  cam_overlaps: [0]
  camera_model: pinhole
  distortion_coeffs: [0.0, 0.0, 0.0, 0.0]
  distortion_model: radtan
  intrinsics: [241.3272717603338, 241.3272717603338, 380.4148899558162, 284.05204413970364] #fu, fv, cu, cv
  resolution: [757, 569]
  rostopic: /cam1/image_raw