%YAML:1.0
cam0:
  T_cam_imu:
    - [-0.99978035,  0.01210101,  0.01711187, -0.01866921]
    - [0.0169654,  -0.01210461,  0.9997828,   0.02125636]
    - [0.01230552,  0.99985351,  0.01189665, -0.1489863]
    - [0.0, 0.0, 0.0, 1.0]
  # T_imu_cam:
  #   - [-0.99937221, -0.03437489, -0.00857581, -0.01928963]
  #   - [ 0.00901561, -0.01265975, -0.99987922, -0.17514254]
  #   - [ 0.03426217, -0.99932882,  0.01296171, -0.0267952 ]
  #   - [ 0.,          0.,          0.,          1.        ]
  cam_overlaps: []
  camera_model: pinhole
  distortion_coeffs: [-0.06125568297136998, -0.003796743395135256, 0.027326634771204592, -0.030296403142887066]
  distortion_model: equidistant
  intrinsics: [413.32595366566017, 413.70198739483686, 305.9507483284928, 259.4439948946375]
  resolution: [640, 512]
  rostopic: /camera/image_raw
  timeshift_cam_imu: -0.0403806549886