%YAML:1.0 # need to specify the file type at the top!

imu0:
  # T_i_b:
  #   - [0.997175073075, -0.015298117287,  0.073538025841,  0.308507470198]
  #   - [0.016356406454,  0.999770844226, -0.013810394761, -0.058002140363]
  #   - [-0.073309901139,  0.014974199246,  0.997196786874,  0.060790000411]
  #   - [0.0, 0.0, 0.0, 1.0]
  # T_i_b:
  #   - [0.997175073075,  0.016356406454, -0.073309901139, -0.302230743636]
  #   - [-0.015298117287,  0.999770844226,  0.014974199246,  0.061798150723]
  #   - [0.073538025841, -0.013810394761,  0.997196786874, -0.084107655855]
  #   - [0.0, 0.0, 0.0, 1.0]
  T_i_b:
    - [1.0, 0.0, 0.0, 0.0]
    - [0.0, 1.0, 0.0, 0.0]
    - [0.0, 0.0, 1.0, 0.0]
    - [0.0, 0.0, 0.0, 1.0]
  accelerometer_noise_density: 5.0e-4  # [ m / s^2 / sqrt(Hz) ]   ( accel "white noise" )
  accelerometer_random_walk: 7.000e-3    # [ m / s^3 / sqrt(Hz) ].  ( accel bias diffusion )
  gyroscope_noise_density: 4.0e-4   # [ rad / s / sqrt(Hz) ]   ( gyro "white noise" )
  gyroscope_random_walk: 6.00e-04       # [ rad / s^2 / sqrt(Hz) ] ( gyro bias diffusion )

  # accelerometer_noise_density: 1.5e-4  # [ m / s^2 / sqrt(Hz) ]   ( accel "white noise" )
  # accelerometer_random_walk: 4.000e-4    # [ m / s^3 / sqrt(Hz) ].  ( accel bias diffusion )
  # gyroscope_noise_density: 2.0e-4   # [ rad / s / sqrt(Hz) ]   ( gyro "white noise" )
  # gyroscope_random_walk: 3.00e-04       # [ rad / s^2 / sqrt(Hz) ] ( gyro bias diffusion )

  # 1e-2 ~ 1e-5 for gyro , 1e-2~ 1e-4 acce
  #  accelerometer_noise_density: 0.1   # [ m / s^2 / sqrt(Hz) ]   ( accel "white noise" )
  #  accelerometer_random_walk: 0.002   # [ m / s^3 / sqrt(Hz) ].  ( accel bias diffusion )
  #  gyroscope_noise_density: 0.05      # [ rad / s / sqrt(Hz) ]   ( gyro "white noise" )
  #  gyroscope_random_walk: 4.0e-05     # [ rad / s^2 / sqrt(Hz) ] ( gyro bias diffusion )
  rostopic: /imu0
  time_offset: 0.0
  update_rate: 200.0
  # three different modes supported:
  # "calibrated" (same as "kalibr"), "kalibr", "rpng"
  model: "kalibr"
  # how to get from Kalibr imu.yaml result file:
  #   - Tw is imu0:gyroscopes:M:
  #   - R_IMUtoGYRO: is imu0:gyroscopes:C_gyro_i:
  #   - Ta is imu0:accelerometers:M:
  #   - R_IMUtoACC not used by Kalibr
  #   - Tg is imu0:gyroscopes:A:
  Tw:
    - [ 1.0, 0.0, 0.0 ]
    - [ 0.0, 1.0, 0.0 ]
    - [ 0.0, 0.0, 1.0 ]
  R_IMUtoGYRO:
    - [ 1.0, 0.0, 0.0 ]
    - [ 0.0, 1.0, 0.0 ]
    - [ 0.0, 0.0, 1.0 ]
  Ta:
    - [ 1.0, 0.0, 0.0 ]
    - [ 0.0, 1.0, 0.0 ]
    - [ 0.0, 0.0, 1.0 ]
  R_IMUtoACC:
    - [ 1.0, 0.0, 0.0 ]
    - [ 0.0, 1.0, 0.0 ]
    - [ 0.0, 0.0, 1.0 ]
  Tg:
    - [ 0.0, 0.0, 0.0 ]
    - [ 0.0, 0.0, 0.0 ]
    - [ 0.0, 0.0, 0.0 ]